3.0 1 old today-3.0 5.408 2686.72 1006.26
3.0 1 old fast-3.0 2.402 427.90 427.37
3.0 1 new today-3.0 6.301 3119.39 1550.87
3.0 1 new fast-3.0 2.510 436.49 432.1
3.0 2 old today-3.0 5.222 2579.64 1016.95
3.0 2 old fast-3.0 2.421 384.46 440.38
3.0 2 new today-3.0 5.071 2479.96 1003.77
3.0 2 new fast-3.0 2.402 371.83 421.36
5.9 1 old today-5.9 6.361 2482.65 2044.39
5.9 1 old fast-5.9 3.141 532.27 971.59
5.9 1 new today-5.9 6.650 2495.53 2501.76
5.9 1 new fast-5.9 2.973 538.02 942.05
5.9 2 old today-5.9 6.330 2481.00 2263.1
5.9 2 old fast-5.9 3.203 510.22 1181.2
5.9 2 new today-5.9 6.672 2492.13 2240.77
5.9 2 new fast-5.9 3.166 516.71 932.17
9.9 1 old today-9.9 5.760 2466.87 1702.84
9.9 1 old fast-9.9 3.258 743.96 886.45
9.9 1 new today-9.9 6.359 2489.35 1967.41
9.9 1 new fast-9.9 3.784 769.87 1303.91
9.9 2 old today-9.9 7.434 2485.97 2461.25
9.9 2 old fast-9.9 4.840 818.68 1287.59
9.9 2 new today-9.9 6.223 2475.05 2160.96
9.9 2 new fast-9.9 3.060 751.33 805.36
15.0 1 old today-15.0 7.162 2498.85 2998.32
15.0 1 old fast-15.0 4.352 1412.82 1341.27
15.0 1 new today-15.0 6.988 2503.91 2744.64
15.0 1 new fast-15.0 4.306 1396.85 1328.56
15.0 2 old today-15.0 6.913 2495.95 2791.65
15.0 2 old fast-15.0 4.380 1396.91 1408.9
15.0 2 new today-15.0 7.107 2485.73 2833.49
15.0 2 new fast-15.0 4.254 1418.19 1327.72
24.7 1 old today-24.7 8.316 2499.85 4083.93
24.7 1 old fast-24.7 6.002 2278.39 2135.11
24.7 1 new today-24.7 8.822 2507.19 4508.29
24.7 1 new fast-24.7 5.994 2290.86 2030.45
24.7 2 old today-24.7 8.808 2498.94 4600.25
24.7 2 old fast-24.7 6.390 2283.94 2372.04
24.7 2 new today-24.7 9.900 2518.15 5438.74
24.7 2 new fast-24.7 6.775 2295.21 2364.01
45.8 1 old today-45.8 14.058 4987.09 6270.72
45.8 1 old fast-45.8 11.194 5127.72 3672.42
45.8 1 new today-45.8 14.879 4968.39 7280.39
45.8 1 new fast-45.8 12.919 4955.81 4909.55
45.8 2 old today-45.8 14.090 4979.99 6758.13
45.8 2 old fast-45.8 10.946 4968.53 3897.95
45.8 2 new today-45.8 14.235 4965.84 6500.11
45.8 2 new fast-45.8 10.638 4951.83 3158.51
