9.9 A 4.635 438.06
9.9 A 4.548 417.41
9.9 A 4.572 436.20
9.9 B 3.891 425.52
9.9 B 3.939 471.64
9.9 B 3.884 411.84
9.9 C 3.897 424.55
9.9 C 3.875 418.97
9.9 C 3.875 411.03
9.9 D 1.933 434.06
9.9 D 1.926 434.32
9.9 D 1.899 431.16
9.9 E 1.927 432.67
9.9 E 1.923 416.04
9.9 E 1.916 416.00
9.9 F 1.772 432.79
9.9 F 1.755 425.58
9.9 F 1.751 411.48
24.7 A 6.558 418.70
24.7 A 6.546 414.95
24.7 A 6.538 425.95
24.7 B 6.566 423.07
24.7 B 6.570 429.33
24.7 B 6.613 417.28
24.7 C 6.583 424.40
24.7 C 6.571 430.88
24.7 C 6.599 427.01
24.7 D 4.680 422.88
24.7 D 4.678 432.13
24.7 D 4.638 417.29
24.7 E 4.691 438.44
24.7 E 4.634 435.77
24.7 E 4.685 427.52
24.7 F 3.729 413.38
24.7 F 3.774 422.50
24.7 F 3.739 429.48
